PASS  aoa_deg  thickness_m  speed_mps            Cd            Cl  L_over_D config_path config_hash   max_disp_m  disp_util_%  disp_margin_mm  max_stress_Pa  stress_util_%  stress_margin_MPa                        fea_outbase           timestamp
   ✓     13.0       0.0025      69.44  1.021580e-01  4.448200e-01  4.354236                         2.477124e-04 2.480000e+00    9.752000e+00   2.014354e+07   2.880000e+00       6.798560e+02 /case/fea/auto_run_20250826_163154 2025-08-26 16:31:57
   ✓     14.0       0.0025      69.44  7.708710e-02  3.351010e-01  4.347044                         1.591392e-04 1.590000e+00    9.841000e+00   1.200852e+07   1.720000e+00       6.879910e+02 /case/fea/auto_run_20250826_163302 2025-08-26 16:33:09
   ✓     15.0       0.0025      69.44  7.317890e-02  2.988330e-01  4.083595                         7.748240e-05 7.700000e-01    9.923000e+00   7.565067e+06   1.080000e+00       6.924350e+02 /case/fea/auto_run_20250826_163434 2025-08-26 16:34:37
   ✓     12.0       0.0025      69.44  1.007680e-01  3.854290e-01  3.824915                         2.825701e-04 2.830000e+00    9.717000e+00   2.628106e+07   3.750000e+00       6.737190e+02 /case/fea/auto_run_20250825_134208 2025-08-25 13:42:11
   ✓     12.0       0.0025      69.44  1.007680e-01  3.854290e-01  3.824915                         2.825701e-04 2.830000e+00    9.717000e+00   2.628106e+07   3.750000e+00       6.737190e+02 /case/fea/auto_run_20250825_151330 2025-08-25 15:13:33
   ✓     12.0       0.0025      69.44  1.183450e-01  4.426930e-01  3.740699                         3.633880e-04 3.630000e+00    9.637000e+00   3.305046e+07   4.720000e+00       6.669500e+02 /case/fea/auto_run_20250825_133114 2025-08-25 13:31:18
   ✓     12.0       0.0025      69.44  1.183450e-01  4.426930e-01  3.740699                         3.633880e-04 3.630000e+00    9.637000e+00   3.305046e+07   4.720000e+00       6.669500e+02 /case/fea/auto_run_20250825_134222 2025-08-25 13:42:26
   ✓     12.0       0.0025      69.44  1.183450e-01  4.426930e-01  3.740699                         3.633880e-04 3.630000e+00    9.637000e+00   3.305046e+07   4.720000e+00       6.669500e+02 /case/fea/auto_run_20250825_151344 2025-08-25 15:13:48
   ✓     16.0       0.0025      69.44  9.222000e-02  3.387870e-01  3.673682                         1.974685e-04 1.970000e+00    9.803000e+00   1.604385e+07   2.290000e+00       6.839560e+02 /case/fea/auto_run_20250825_213501 2025-08-25 21:35:08
   ✓     16.0       0.0025      69.44  9.222000e-02  3.387870e-01  3.673682                         1.974685e-04 1.970000e+00    9.803000e+00   1.604385e+07   2.290000e+00       6.839560e+02 /case/fea/auto_run_20250826_160028 2025-08-26 16:00:35
   ✓     12.0       0.0025      69.44  1.281280e-01  4.699310e-01  3.667668                         4.039484e-04 4.040000e+00    9.596000e+00   3.629396e+07   5.180000e+00       6.637060e+02 /case/fea/auto_run_20250825_134237 2025-08-25 13:42:40
   ✓     12.0       0.0025      69.44  1.281280e-01  4.699310e-01  3.667668                         4.039484e-04 4.040000e+00    9.596000e+00   3.629396e+07   5.180000e+00       6.637060e+02 /case/fea/auto_run_20250825_151359 2025-08-25 15:14:02
   ✓     16.0       0.0025      69.44  9.189330e-02  3.367760e-01  3.664859                         1.956676e-04 1.960000e+00    9.804000e+00   1.589742e+07   2.270000e+00       6.841030e+02 /case/fea/auto_run_20250825_213616 2025-08-25 21:36:23
   ✓     16.0       0.0025      69.44  9.089590e-02  3.315080e-01  3.647117                         1.844160e-04 1.840000e+00    9.816000e+00   1.518829e+07   2.170000e+00       6.848120e+02 /case/fea/auto_run_20250825_155344 2025-08-25 15:53:50
   ✓     16.0       0.0025      69.44  9.089590e-02  3.315080e-01  3.647117                         1.844160e-04 1.840000e+00    9.816000e+00   1.518829e+07   2.170000e+00       6.848120e+02 /case/fea/auto_run_20250825_213347 2025-08-25 21:33:54
   ✓     16.0       0.0025      69.44  9.070120e-02  3.307510e-01  3.646600                         1.840067e-04 1.840000e+00    9.816000e+00   1.515890e+07   2.170000e+00       6.848410e+02 /case/fea/auto_run_20250825_154757 2025-08-25 15:48:04
   ✓     16.0       0.0025      69.44  9.070120e-02  3.307510e-01  3.646600                         1.840067e-04 1.840000e+00    9.816000e+00   1.515890e+07   2.170000e+00       6.848410e+02 /case/fea/auto_run_20250825_213235 2025-08-25 21:32:42
   ✓     12.0       0.0025      69.44  7.247490e-02  2.637750e-01  3.639536                         1.771343e-04 1.770000e+00    9.823000e+00   1.250288e+07   1.790000e+00       6.874970e+02 /case/fea/auto_run_20250825_121240 2025-08-25 12:12:43
   ✓     12.0       0.0025      69.44  7.247490e-02  2.637750e-01  3.639536                         1.771343e-04 1.770000e+00    9.823000e+00   1.250288e+07   1.790000e+00       6.874970e+02 /case/fea/auto_run_20250825_134154 2025-08-25 13:41:56
   ✓     12.0       0.0025      69.44  7.247490e-02  2.637750e-01  3.639536                         1.771343e-04 1.770000e+00    9.823000e+00   1.250288e+07   1.790000e+00       6.874970e+02 /case/fea/auto_run_20250825_151316 2025-08-25 15:13:19
   ✓     12.0       0.0025      69.44  7.322330e-02  2.631080e-01  3.593228                         1.309022e-04 1.310000e+00    9.869000e+00   1.241644e+07   1.770000e+00       6.875840e+02 /case/fea/auto_run_20250825_121309 2025-08-25 12:13:12
   ✓     12.0       0.0025      69.44  7.385630e-02  2.621590e-01  3.549582                         1.302480e-04 1.300000e+00    9.870000e+00   1.236076e+07   1.770000e+00       6.876390e+02 /case/fea/auto_run_20250825_115623 2025-08-25 11:56:27
   ✓     12.0       0.0025      69.44  7.385630e-02  2.621590e-01  3.549582                         1.302480e-04 1.300000e+00    9.870000e+00   1.236076e+07   1.770000e+00       6.876390e+02 /case/fea/auto_run_20250825_121323 2025-08-25 12:13:26
   ✓     17.0       0.0025      69.44  1.533200e-01  5.044930e-01  3.290458                         3.567936e-04 3.570000e+00    9.643000e+00   3.192658e+07   4.560000e+00       6.680730e+02 /case/fea/auto_run_20250826_163527 2025-08-26 16:35:30
   ✓     18.0       0.0025      69.44  1.371330e-01  4.157070e-01  3.031415                         3.469459e-04 3.470000e+00    9.653000e+00   2.876169e+07   4.110000e+00       6.712380e+02 /case/fea/auto_run_20250826_163635 2025-08-26 16:36:42
   ✓     12.0       0.0025      69.44  6.598440e-02  1.722260e-01  2.610102                         3.764335e-05 3.800000e-01    9.962000e+00   2.489629e+06   3.600000e-01       6.975100e+02 /case/fea/auto_run_20250825_122432 2025-08-25 12:24:35
   ✓     12.0       0.0025      69.44  7.136420e-02  1.699510e-01  2.381460                         1.040799e-03 1.041000e+01    8.959000e+00   2.385759e+07   3.410000e+00       6.761420e+02 /case/fea/auto_run_20250825_115153 2025-08-25 11:51:53
   ✓     12.0       0.0025      69.44  7.180150e-02  1.704720e-01  2.374212                         1.739142e-05 1.700000e-01    9.983000e+00   1.506616e+06   2.200000e-01       6.984930e+02 /case/fea/auto_run_20250825_115155 2025-08-25 11:51:55
   ✓     18.0       0.0015      69.44  3.347200e-02  6.369180e-02  1.902838                         1.634358e-03 1.634000e+01    8.366000e+00   2.169915e+07   3.100000e+00       6.783010e+02 /case/fea/auto_run_20250820_205817 2025-08-20 20:58:17
   ✓     18.0       0.0020      69.44  3.347200e-02  6.369180e-02  1.902838                         9.470769e-04 9.470000e+00    9.053000e+00   1.587411e+07   2.270000e+00       6.841260e+02 /case/fea/auto_run_20250820_205828 2025-08-20 20:58:28
   ✓     18.0       0.0025      69.44  3.347200e-02  6.369180e-02  1.902838                         6.140627e-04 6.140000e+00    9.386000e+00   1.232267e+07   1.760000e+00       6.876770e+02 /case/fea/auto_run_20250820_205831 2025-08-20 20:58:32
   ✓     18.0       0.0030      69.44  3.347200e-02  6.369180e-02  1.902838                         4.286755e-04 4.290000e+00    9.571000e+00   9.948049e+06   1.420000e+00       6.900520e+02 /case/fea/auto_run_20250820_205842 2025-08-20 20:58:43
   ✓     17.0       0.0015      69.44  3.384430e-02  6.029930e-02  1.781668                         1.575061e-03 1.575000e+01    8.425000e+00   2.093532e+07   2.990000e+00       6.790650e+02 /case/fea/auto_run_20250820_205816 2025-08-20 20:58:16
   ✓     17.0       0.0020      69.44  3.384430e-02  6.029930e-02  1.781668                         9.125577e-04 9.130000e+00    9.087000e+00   1.531591e+07   2.190000e+00       6.846840e+02 /case/fea/auto_run_20250820_205827 2025-08-20 20:58:27
   ✓     17.0       0.0025      69.44  3.384430e-02  6.029930e-02  1.781668                         5.915859e-04 5.920000e+00    9.408000e+00   1.188993e+07   1.700000e+00       6.881100e+02 /case/fea/auto_run_20250820_205830 2025-08-20 20:58:30
   ✓     17.0       0.0030      69.44  3.384430e-02  6.029930e-02  1.781668                         4.129210e-04 4.130000e+00    9.587000e+00   9.599220e+06   1.370000e+00       6.904010e+02 /case/fea/auto_run_20250820_205841 2025-08-20 20:58:41
   ✓     16.0       0.0025      69.44  3.421210e-02  5.708930e-02  1.668687                         5.703700e-04 5.700000e+00    9.430000e+00   1.148165e+07   1.640000e+00       6.885180e+02 /case/fea/auto_run_20250820_204707 2025-08-20 20:47:08
   ✓     16.0       0.0015      69.44  3.421210e-02  5.708930e-02  1.668687                         1.519095e-03 1.519000e+01    8.481000e+00   2.021463e+07   2.890000e+00       6.797850e+02 /case/fea/auto_run_20250820_205814 2025-08-20 20:58:14
   ✓     16.0       0.0020      69.44  3.421210e-02  5.708930e-02  1.668687                         8.799757e-04 8.800000e+00    9.120000e+00   1.478925e+07   2.110000e+00       6.852110e+02 /case/fea/auto_run_20250820_205825 2025-08-20 20:58:25
   ✓     16.0       0.0030      69.44  3.421210e-02  5.708930e-02  1.668687                         3.980502e-04 3.980000e+00    9.602000e+00   9.270114e+06   1.320000e+00       6.907300e+02 /case/fea/auto_run_20250820_205839 2025-08-20 20:58:39
   ✓     15.0       0.0025      69.44  3.457350e-02  5.401410e-02  1.562298                         5.501516e-04 5.500000e+00    9.450000e+00   1.109286e+07   1.580000e+00       6.889070e+02 /case/fea/auto_run_20250820_204706 2025-08-20 20:47:06
   ✓     15.0       0.0015      69.44  3.457350e-02  5.401410e-02  1.562298                         1.465770e-03 1.466000e+01    8.534000e+00   1.952833e+07   2.790000e+00       6.804720e+02 /case/fea/auto_run_20250820_205812 2025-08-20 20:58:13
   ✓     15.0       0.0020      69.44  3.457350e-02  5.401410e-02  1.562298                         8.489287e-04 8.490000e+00    9.151000e+00   1.428771e+07   2.040000e+00       6.857120e+02 /case/fea/auto_run_20250820_205824 2025-08-20 20:58:24
   ✓     15.0       0.0030      69.44  3.457350e-02  5.401410e-02  1.562298                         3.838772e-04 3.840000e+00    9.616000e+00   8.956723e+06   1.280000e+00       6.910430e+02 /case/fea/auto_run_20250820_205838 2025-08-20 20:58:38
   ✓     14.0       0.0025      69.44  3.492320e-02  5.102960e-02  1.461195                         5.304668e-04 5.300000e+00    9.470000e+00   1.071438e+07   1.530000e+00       6.892860e+02 /case/fea/auto_run_20250820_204704 2025-08-20 20:47:04
   ✓     14.0       0.0015      69.44  3.492320e-02  5.102960e-02  1.461195                         1.413854e-03 1.414000e+01    8.586000e+00   1.886023e+07   2.690000e+00       6.811400e+02 /case/fea/auto_run_20250820_205811 2025-08-20 20:58:11
   ✓     14.0       0.0020      69.44  3.492320e-02  5.102960e-02  1.461195                         8.187017e-04 8.190000e+00    9.181000e+00   1.379948e+07   1.970000e+00       6.862010e+02 /case/fea/auto_run_20250820_205822 2025-08-20 20:58:22
   ✓     14.0       0.0030      69.44  3.492320e-02  5.102960e-02  1.461195                         3.700779e-04 3.700000e+00    9.630000e+00   8.651644e+06   1.240000e+00       6.913480e+02 /case/fea/auto_run_20250820_205836 2025-08-20 20:58:36
   ✓     13.0       0.0025      69.44  3.525960e-02  4.811430e-02  1.364573                         5.112875e-04 5.110000e+00    9.489000e+00   1.034565e+07   1.480000e+00       6.896540e+02 /case/fea/auto_run_20250820_204703 2025-08-20 20:47:03
   ✓     13.0       0.0015      69.44  3.525960e-02  4.811430e-02  1.364573                         1.363276e-03 1.363000e+01    8.637000e+00   1.820937e+07   2.600000e+00       6.817910e+02 /case/fea/auto_run_20250820_205809 2025-08-20 20:58:09
   ✓     13.0       0.0020      69.44  3.525960e-02  4.811430e-02  1.364573                         7.892523e-04 7.890000e+00    9.211000e+00   1.332385e+07   1.900000e+00       6.866760e+02 /case/fea/auto_run_20250820_205820 2025-08-20 20:58:21
   ✓     13.0       0.0030      69.44  3.525960e-02  4.811430e-02  1.364573                         3.566322e-04 3.570000e+00    9.643000e+00   8.354423e+06   1.190000e+00       6.916460e+02 /case/fea/auto_run_20250820_205835 2025-08-20 20:58:35
   ✓     12.0       0.0025      69.44  3.558260e-02  4.525570e-02  1.271849                         4.923681e-04 4.920000e+00    9.508000e+00   9.981825e+06   1.430000e+00       6.900180e+02 /case/fea/auto_run_20250819_132837 2025-08-19 13:28:37
   ✓     12.0       0.0025      69.44  3.558260e-02  4.525570e-02  1.271849                         4.923681e-04 4.920000e+00    9.508000e+00   9.981825e+06   1.430000e+00       6.900180e+02 /case/fea/auto_run_20250819_151235 2025-08-19 15:12:35
   ✓     12.0       0.0025      69.44  3.558260e-02  4.525570e-02  1.271849                         4.923681e-04 4.920000e+00    9.508000e+00   9.981825e+06   1.430000e+00       6.900180e+02 /case/fea/auto_run_20250819_152712 2025-08-19 15:27:12
   ✓     12.0       0.0025      69.44  3.558260e-02  4.525570e-02  1.271849                         4.923681e-04 4.920000e+00    9.508000e+00   9.981825e+06   1.430000e+00       6.900180e+02 /case/fea/auto_run_20250819_154217 2025-08-19 15:42:17
   ✓     12.0       0.0015      69.44  3.558260e-02  4.525570e-02  1.271849                         1.313378e-03 1.313000e+01    8.687000e+00   1.756716e+07   2.510000e+00       6.824330e+02 /case/fea/auto_run_20250820_205808 2025-08-20 20:58:08
   ✓     12.0       0.0020      69.44  3.558260e-02  4.525570e-02  1.271849                         7.602002e-04 7.600000e+00    9.240000e+00   1.285454e+07   1.840000e+00       6.871450e+02 /case/fea/auto_run_20250820_205819 2025-08-20 20:58:19
   ✓     12.0       0.0030      69.44  3.558260e-02  4.525570e-02  1.271849                         3.433697e-04 3.430000e+00    9.657000e+00   8.061149e+06   1.150000e+00       6.919390e+02 /case/fea/auto_run_20250820_205833 2025-08-20 20:58:33
   ✓     12.0       0.0025      69.44  3.558260e-02  4.525570e-02  1.271849                         4.923681e-04 4.920000e+00    9.508000e+00   9.981825e+06   1.430000e+00       6.900180e+02 /case/fea/auto_run_20250825_092341 2025-08-25 09:23:41
   ✓     12.0       0.0025      69.44  3.558260e-02  4.525570e-02  1.271849                         4.923681e-04 4.920000e+00    9.508000e+00   9.981825e+06   1.430000e+00       6.900180e+02 /case/fea/auto_run_20250825_092343 2025-08-25 09:23:43
   ✓     12.0       0.0025      69.44  3.558260e-02  4.525570e-02  1.271849                         4.923681e-04 4.920000e+00    9.508000e+00   9.981825e+06   1.430000e+00       6.900180e+02 /case/fea/auto_run_20250825_092344 2025-08-25 09:23:45
   ✓     11.0       0.0025      69.44  3.589650e-02  4.245040e-02  1.182578                         4.738212e-04 4.740000e+00    9.526000e+00   9.625127e+06   1.380000e+00       6.903750e+02 /case/fea/auto_run_20250820_204701 2025-08-20 20:47:01
   ✓     10.0       0.0025      69.44  3.620060e-02  3.968610e-02  1.096283                         4.554247e-04 4.550000e+00    9.545000e+00   9.271203e+06   1.320000e+00       6.907290e+02 /case/fea/auto_run_20250820_204659 2025-08-20 20:47:00
   ✓      9.0       0.0025      69.44  3.648940e-02  3.695340e-02  1.012716                         4.372165e-04 4.370000e+00    9.563000e+00   8.920894e+06   1.270000e+00       6.910790e+02 /case/fea/auto_run_20250819_130815 2025-08-19 13:08:15
   ✓      9.0       0.0020      69.44  3.648940e-02  3.695340e-02  1.012716                         6.755136e-04 6.760000e+00    9.324000e+00   1.148604e+07   1.640000e+00       6.885140e+02 /case/fea/auto_run_20250819_132958 2025-08-19 13:29:58
   ✓      9.0       0.0025      69.44  3.648940e-02  3.695340e-02  1.012716                         4.372165e-04 4.370000e+00    9.563000e+00   8.920894e+06   1.270000e+00       6.910790e+02 /case/fea/auto_run_20250819_132959 2025-08-19 13:29:59
   ✓      9.0       0.0030      69.44  3.648940e-02  3.695340e-02  1.012716                         3.047063e-04 3.050000e+00    9.695000e+00   7.205914e+06   1.030000e+00       6.927940e+02 /case/fea/auto_run_20250819_133001 2025-08-19 13:30:01
   ✓      9.0       0.0020      69.44  3.648940e-02  3.695340e-02  1.012716                         6.755136e-04 6.760000e+00    9.324000e+00   1.148604e+07   1.640000e+00       6.885140e+02 /case/fea/auto_run_20250819_133349 2025-08-19 13:33:50
   ✓      9.0       0.0025      69.44  3.648940e-02  3.695340e-02  1.012716                         4.372165e-04 4.370000e+00    9.563000e+00   8.920894e+06   1.270000e+00       6.910790e+02 /case/fea/auto_run_20250819_133351 2025-08-19 13:33:51
   ✓      9.0       0.0030      69.44  3.648940e-02  3.695340e-02  1.012716                         3.047063e-04 3.050000e+00    9.695000e+00   7.205914e+06   1.030000e+00       6.927940e+02 /case/fea/auto_run_20250819_133352 2025-08-19 13:33:53
   ✓      9.0       0.0020      69.44  3.648940e-02  3.695340e-02  1.012716                         6.755136e-04 6.760000e+00    9.324000e+00   1.148604e+07   1.640000e+00       6.885140e+02 /case/fea/auto_run_20250819_134547 2025-08-19 13:45:47
   ✓      9.0       0.0025      69.44  3.648940e-02  3.695340e-02  1.012716                         4.372165e-04 4.370000e+00    9.563000e+00   8.920894e+06   1.270000e+00       6.910790e+02 /case/fea/auto_run_20250819_134548 2025-08-19 13:45:48
   ✓      9.0       0.0030      69.44  3.648940e-02  3.695340e-02  1.012716                         3.047063e-04 3.050000e+00    9.695000e+00   7.205914e+06   1.030000e+00       6.927940e+02 /case/fea/auto_run_20250819_134550 2025-08-19 13:45:50
   ✓      8.0       0.0025      69.44  3.676210e-02  3.424510e-02  0.931533                         4.190928e-04 4.190000e+00    9.581000e+00   8.572077e+06   1.220000e+00       6.914280e+02 /case/fea/auto_run_20250820_204658 2025-08-20 20:46:58
   ✓      7.0       0.0025      69.44  3.701920e-02  3.156130e-02  0.852566                         4.010597e-04 4.010000e+00    9.599000e+00   8.224860e+06   1.170000e+00       6.917750e+02 /case/fea/auto_run_20250820_204656 2025-08-20 20:46:57
   ✓      6.0       0.0025      69.44  3.725830e-02  2.889130e-02  0.775433                         3.830768e-04 3.830000e+00    9.617000e+00   7.878537e+06   1.130000e+00       6.921210e+02 /case/fea/auto_run_20250819_130503 2025-08-19 13:05:03
   ✓      6.0       0.0020      69.44  3.725830e-02  2.889130e-02  0.775433                         5.923771e-04 5.920000e+00    9.408000e+00   1.014158e+07   1.450000e+00       6.898580e+02 /case/fea/auto_run_20250819_132953 2025-08-19 13:29:54
   ✓      6.0       0.0025      69.44  3.725830e-02  2.889130e-02  0.775433                         3.830768e-04 3.830000e+00    9.617000e+00   7.878537e+06   1.130000e+00       6.921210e+02 /case/fea/auto_run_20250819_132955 2025-08-19 13:29:55
   ✓      6.0       0.0030      69.44  3.725830e-02  2.889130e-02  0.775433                         2.667536e-04 2.670000e+00    9.733000e+00   6.365599e+06   9.100000e-01       6.936340e+02 /case/fea/auto_run_20250819_132956 2025-08-19 13:29:56
   ✓      6.0       0.0020      69.44  3.725830e-02  2.889130e-02  0.775433                         5.923771e-04 5.920000e+00    9.408000e+00   1.014158e+07   1.450000e+00       6.898580e+02 /case/fea/auto_run_20250819_133345 2025-08-19 13:33:45
   ✓      6.0       0.0025      69.44  3.725830e-02  2.889130e-02  0.775433                         3.830768e-04 3.830000e+00    9.617000e+00   7.878537e+06   1.130000e+00       6.921210e+02 /case/fea/auto_run_20250819_133347 2025-08-19 13:33:47
   ✓      6.0       0.0030      69.44  3.725830e-02  2.889130e-02  0.775433                         2.667536e-04 2.670000e+00    9.733000e+00   6.365599e+06   9.100000e-01       6.936340e+02 /case/fea/auto_run_20250819_133348 2025-08-19 13:33:48
   ✓      6.0       0.0030      69.44  3.725830e-02  2.889130e-02  0.775433                         2.667536e-04 2.670000e+00    9.733000e+00   6.365599e+06   9.100000e-01       6.936340e+02 /case/fea/auto_run_20250819_134113 2025-08-19 13:41:13
   ✓      6.0       0.0020      69.44  3.725830e-02  2.889130e-02  0.775433                         5.923771e-04 5.920000e+00    9.408000e+00   1.014158e+07   1.450000e+00       6.898580e+02 /case/fea/auto_run_20250819_134542 2025-08-19 13:45:42
   ✓      6.0       0.0025      69.44  3.725830e-02  2.889130e-02  0.775433                         3.830768e-04 3.830000e+00    9.617000e+00   7.878537e+06   1.130000e+00       6.921210e+02 /case/fea/auto_run_20250819_134544 2025-08-19 13:45:44
   ✓      6.0       0.0030      69.44  3.725830e-02  2.889130e-02  0.775433                         2.667536e-04 2.670000e+00    9.733000e+00   6.365599e+06   9.100000e-01       6.936340e+02 /case/fea/auto_run_20250819_134545 2025-08-19 13:45:45
   ✓      5.0       0.0025      69.44  3.747950e-02  2.623430e-02  0.699964                         3.651251e-04 3.650000e+00    9.635000e+00   7.532708e+06   1.080000e+00       6.924670e+02 /case/fea/auto_run_20250820_204655 2025-08-20 20:46:55
   ✓      4.0       0.0025      69.44  3.768620e-02  2.361360e-02  0.626585                         3.473953e-04 3.470000e+00    9.653000e+00   7.190989e+06   1.030000e+00       6.928090e+02 /case/fea/auto_run_20250820_204653 2025-08-20 20:46:53
   ✓      3.0       0.0020      69.44  3.787410e-02  2.100180e-02  0.554516                         5.103261e-04 5.100000e+00    9.490000e+00   8.813462e+06   1.260000e+00       6.911870e+02 /case/fea/auto_run_20250819_132949 2025-08-19 13:29:49
   ✓      3.0       0.0025      69.44  3.787410e-02  2.100180e-02  0.554516                         3.296504e-04 3.300000e+00    9.670000e+00   6.848800e+06   9.800000e-01       6.931510e+02 /case/fea/auto_run_20250819_132951 2025-08-19 13:29:51
   ✓      3.0       0.0030      69.44  3.787410e-02  2.100180e-02  0.554516                         2.293049e-04 2.290000e+00    9.771000e+00   5.535417e+06   7.900000e-01       6.944650e+02 /case/fea/auto_run_20250819_132952 2025-08-19 13:29:52
   ✓      3.0       0.0020      69.44  3.787410e-02  2.100180e-02  0.554516                         5.103261e-04 5.100000e+00    9.490000e+00   8.813462e+06   1.260000e+00       6.911870e+02 /case/fea/auto_run_20250819_133341 2025-08-19 13:33:41
   ✓      3.0       0.0025      69.44  3.787410e-02  2.100180e-02  0.554516                         3.296504e-04 3.300000e+00    9.670000e+00   6.848800e+06   9.800000e-01       6.931510e+02 /case/fea/auto_run_20250819_133342 2025-08-19 13:33:42
   ✓      3.0       0.0030      69.44  3.787410e-02  2.100180e-02  0.554516                         2.293049e-04 2.290000e+00    9.771000e+00   5.535417e+06   7.900000e-01       6.944650e+02 /case/fea/auto_run_20250819_133344 2025-08-19 13:33:44
   ✓      3.0       0.0020      69.44  3.787410e-02  2.100180e-02  0.554516                         5.103261e-04 5.100000e+00    9.490000e+00   8.813462e+06   1.260000e+00       6.911870e+02 /case/fea/auto_run_20250819_134537 2025-08-19 13:45:38
   ✓      3.0       0.0025      69.44  3.787410e-02  2.100180e-02  0.554516                         3.296504e-04 3.300000e+00    9.670000e+00   6.848800e+06   9.800000e-01       6.931510e+02 /case/fea/auto_run_20250819_134539 2025-08-19 13:45:39
   ✓      3.0       0.0030      69.44  3.787410e-02  2.100180e-02  0.554516                         2.293049e-04 2.290000e+00    9.771000e+00   5.535417e+06   7.900000e-01       6.944650e+02 /case/fea/auto_run_20250819_134540 2025-08-19 13:45:41
   ✓      3.0       0.0025      69.44  3.833730e-02  1.315530e-02  0.343146                         8.156302e-05 8.200000e-01    9.918000e+00   1.304008e+06   1.900000e-01       6.986960e+02 /case/fea/auto_run_20250815_225903 2025-08-15 22:59:03
   ✓      3.0       0.0025      69.44  3.833730e-02  1.315530e-02  0.343146                         8.156302e-05 8.200000e-01    9.918000e+00   1.304008e+06   1.900000e-01       6.986960e+02 /case/fea/auto_run_20250815_232236 2025-08-15 23:22:36
   ✓      3.0       0.0025      69.44  3.833730e-02  1.315530e-02  0.343146                         8.156302e-05 8.200000e-01    9.918000e+00   1.304008e+06   1.900000e-01       6.986960e+02 /case/fea/auto_run_20250817_124740 2025-08-17 12:47:40
   ✓      3.0       0.0025      69.44  3.833730e-02  1.315530e-02  0.343146                         2.759515e-04 2.760000e+00    9.724000e+00   5.812563e+06   8.300000e-01       6.941870e+02 /case/fea/auto_run_20250818_202854 2025-08-18 20:28:54
   ✓      3.0       0.0025      69.44  3.833730e-02  1.315530e-02  0.343146                         2.759515e-04 2.760000e+00    9.724000e+00   5.812563e+06   8.300000e-01       6.941870e+02 /case/fea/auto_run_20250818_222658 2025-08-18 22:26:58
   ✓      3.0       0.0025      69.44  3.833730e-02  1.315530e-02  0.343146                         2.759515e-04 2.760000e+00    9.724000e+00   5.812563e+06   8.300000e-01       6.941870e+02 /case/fea/auto_run_20250819_125700 2025-08-19 12:57:00
   ✓      6.0       0.0025      69.44  3.833730e-02  1.315530e-02  0.343146                         2.759515e-04 2.760000e+00    9.724000e+00   5.812563e+06   8.300000e-01       6.941870e+02 /case/fea/auto_run_20250819_130143 2025-08-19 13:01:43
   ✓      0.0       0.0020      69.44  3.833730e-02  1.315530e-02  0.343146                         4.296643e-04 4.300000e+00    9.570000e+00   7.477044e+06   1.070000e+00       6.925230e+02 /case/fea/auto_run_20250819_132945 2025-08-19 13:29:45
   ✓      0.0       0.0025      69.44  3.833730e-02  1.315530e-02  0.343146                         2.759515e-04 2.760000e+00    9.724000e+00   5.812563e+06   8.300000e-01       6.941870e+02 /case/fea/auto_run_20250819_132946 2025-08-19 13:29:46
   ✓      0.0       0.0030      69.44  3.833730e-02  1.315530e-02  0.343146                         1.916694e-04 1.920000e+00    9.808000e+00   4.699943e+06   6.700000e-01       6.953000e+02 /case/fea/auto_run_20250819_132948 2025-08-19 13:29:48
   ✓      0.0       0.0020      69.44  3.833730e-02  1.315530e-02  0.343146                         4.296643e-04 4.300000e+00    9.570000e+00   7.477044e+06   1.070000e+00       6.925230e+02 /case/fea/auto_run_20250819_133336 2025-08-19 13:33:37
   ✓      0.0       0.0025      69.44  3.833730e-02  1.315530e-02  0.343146                         2.759515e-04 2.760000e+00    9.724000e+00   5.812563e+06   8.300000e-01       6.941870e+02 /case/fea/auto_run_20250819_133338 2025-08-19 13:33:38
   ✓      0.0       0.0030      69.44  3.833730e-02  1.315530e-02  0.343146                         1.916694e-04 1.920000e+00    9.808000e+00   4.699943e+06   6.700000e-01       6.953000e+02 /case/fea/auto_run_20250819_133339 2025-08-19 13:33:40
   ✓      0.0       0.0020      69.44  3.833730e-02  1.315530e-02  0.343146                         4.296643e-04 4.300000e+00    9.570000e+00   7.477044e+06   1.070000e+00       6.925230e+02 /case/fea/auto_run_20250819_134533 2025-08-19 13:45:33
   ✓      0.0       0.0025      69.44  3.833730e-02  1.315530e-02  0.343146                         2.759515e-04 2.760000e+00    9.724000e+00   5.812563e+06   8.300000e-01       6.941870e+02 /case/fea/auto_run_20250819_134534 2025-08-19 13:45:34
   ✓      0.0       0.0030      69.44  3.833730e-02  1.315530e-02  0.343146                         1.916694e-04 1.920000e+00    9.808000e+00   4.699943e+06   6.700000e-01       6.953000e+02 /case/fea/auto_run_20250819_134536 2025-08-19 13:45:36
   ✓     12.0       0.0025      69.44  7.592990e-02 -1.864610e-04 -0.002456                         1.248533e-03 1.249000e+01    8.751000e+00   2.856430e+07   4.080000e+00       6.714360e+02 /case/fea/auto_run_20250825_113821 2025-08-25 11:38:21
   ✓     12.0       0.0025      69.44  7.592990e-02 -1.864610e-04 -0.002456                         1.248533e-03 1.249000e+01    8.751000e+00   2.856430e+07   4.080000e+00       6.714360e+02 /case/fea/auto_run_20250825_114111 2025-08-25 11:41:12
   ✓     18.0       0.0025      69.44  1.451910e-01 -8.995860e-04 -0.006196                         6.828799e-05 6.800000e-01    9.932000e+00   3.752673e+06   5.400000e-01       6.962470e+02 /case/fea/auto_run_20250825_114359 2025-08-25 11:43:59
   ✓     12.0       0.0025      69.44  7.180150e-02 -8.258280e-04 -0.011502                         1.739142e-05 1.700000e-01    9.983000e+00   1.506616e+06   2.200000e-01       6.984930e+02 /case/fea/auto_run_20250825_105259 2025-08-25 10:52:59
   ✓     12.0       0.0025      69.44  7.633070e-02 -8.966020e-04 -0.011746                         2.012344e-05 2.000000e-01    9.980000e+00   1.786164e+06   2.600000e-01       6.982140e+02 /case/fea/auto_run_20250825_113829 2025-08-25 11:38:29
   ✓     12.0       0.0025      69.44  7.180150e-02 -1.704720e-01 -2.374212                         1.739142e-05 1.700000e-01    9.983000e+00   1.506616e+06   2.200000e-01       6.984930e+02 /case/fea/auto_run_20250825_104737 2025-08-25 10:47:37
   ✗     12.0       0.0025      69.44  7.261400e-02  2.636750e-01  3.631187                         5.335784e+05 5.335784e+09   -5.335784e+08   1.245396e+07   1.780000e+00       6.875460e+02 /case/fea/auto_run_20250825_121254 2025-08-25 12:12:57
   ✗     12.0       0.0025      69.44  7.716510e-02  2.574980e-01  3.336975                         2.659951e+06 2.659951e+10   -2.659951e+09   1.202845e+07   1.720000e+00       6.879720e+02 /case/fea/auto_run_20250825_122730 2025-08-25 12:27:33
   ✗      3.0       0.0025      69.44  3.833730e-02  1.315530e-02  0.343146                                  NaN          NaN             NaN            NaN            NaN                NaN /case/fea/auto_run_20250815_212731 2025-08-15 21:27:32
   ✗      3.0       0.0025      69.44  3.833730e-02  1.315530e-02  0.343146                                  NaN          NaN             NaN            NaN            NaN                NaN /case/fea/auto_run_20250815_221529 2025-08-15 22:15:29
   ✗      3.0       0.0025      69.44  3.833730e-02  1.315530e-02  0.343146                                  NaN          NaN             NaN            NaN            NaN                NaN /case/fea/auto_run_20250815_222823 2025-08-15 22:28:23
   ✗      3.0       0.0025      69.44  3.833730e-02  1.315530e-02  0.343146                                  NaN          NaN             NaN            NaN            NaN                NaN /case/fea/auto_run_20250815_223445 2025-08-15 22:34:45
   ✗      3.0       0.0025      69.44  3.833730e-02  1.315530e-02  0.343146                                  NaN          NaN             NaN            NaN            NaN                NaN /case/fea/auto_run_20250815_224530 2025-08-15 22:45:30
   ✗     16.0       0.0025      69.44 -6.915000e+10  2.098330e+10  0.303446                         2.143101e+07 2.143101e+11   -2.143101e+10   5.845733e+18   8.351047e+11      -5.845733e+12 /case/fea/auto_run_20250825_152735 2025-08-25 15:27:42